name: ML150
channels:
  - defaults
dependencies:
  - blas=1.0=mkl
  - bottleneck=1.4.2=py310h540bb41_1
  - bzip2=1.0.8=h2bbff1b_6
  - ca-certificates=2026.3.19=haa95532_0
  - contourpy=1.3.1=py310h214f63a_0
  - cycler=0.12.1=py310haa95532_0
  - fonttools=4.62.1=py310h1c6eee0_0
  - freetype=2.14.1=hfbffc0b_0
  - icc_rt=2022.1.0=h6049295_2
  - imageio=2.37.3=py310h4442805_0
  - intel-openmp=2025.0.0=haa95532_1164
  - jpeg=9f=ha349fce_0
  - kiwisolver=1.4.9=py310h03f52e7_0
  - lazy_loader=0.5=py310haa95532_0
  - lcms2=2.16=hb4a4139_0
  - lerc=3.0=hd77b12b_0
  - libdeflate=1.17=h2bbff1b_1
  - libexpat=2.7.5=hd7fb8db_0
  - libffi=3.4.4=hd77b12b_1
  - libhwloc=2.12.1=default_hfa10c62_1000
  - libiconv=1.18=hc89ec93_0
  - libpng=1.6.56=h2854ad3_0
  - libtiff=4.5.1=hd77b12b_0
  - libwebp-base=1.6.0=hbf3958f_0
  - libxml2=2.13.9=h6201b9f_0
  - libzlib=1.3.1=h02ab6af_0
  - lz4-c=1.9.4=h2bbff1b_1
  - mkl=2025.0.0=h5da7b33_930
  - mkl-service=2.5.2=py310h0b37514_0
  - mkl_fft=2.1.1=py310h300f80d_0
  - mkl_random=1.3.0=py310ha5e6156_0
  - networkx=3.4.2=py310haa95532_0
  - numexpr=2.14.1=py310h7660c64_0
  - openjpeg=2.5.2=hae555c5_0
  - openssl=3.5.5=hbb43b14_0
  - packaging=26.0=py310haa95532_0
  - pillow=11.1.0=py310h096bfcc_0
  - pip=26.0.1=pyhc872135_1
  - pyparsing=3.2.5=py310haa95532_0
  - python=3.10.20=h1044e36_0
  - python-dateutil=2.9.0post0=py310haa95532_2
  - python-tzdata=2025.3=pyhd3eb1b0_0
  - pytz=2026.1.post1=py310haa95532_0
  - seaborn=0.13.2=py310haa95532_3
  - six=1.17.0=py310haa95532_0
  - sqlite=3.51.2=hee5a0db_0
  - tbb=2022.3.0=h90c84d6_0
  - tbb-devel=2022.3.0=h90c84d6_0
  - tifffile=2025.2.18=py310haa95532_0
  - tk=8.6.15=hf199647_0
  - tzdata=2026a=he532380_0
  - ucrt=10.0.22621.0=haa95532_0
  - vc=14.3=h2df5915_10
  - vc14_runtime=14.44.35208=h4927774_10
  - vs2015_runtime=14.44.35208=ha6b5a95_10
  - wheel=0.46.3=py310haa95532_0
  - xz=5.8.2=h53af0af_0
  - zlib=1.3.1=h02ab6af_0
  - zstd=1.5.7=h56299aa_0
  - pip:
      - absl-py==2.4.0
      - asttokens==3.0.1
      - cffi==2.0.0
      - clarabel==0.11.1
      - cloudpickle==3.1.2
      - colorama==0.4.6
      - comm==0.2.3
      - cvxpy==1.6.0
      - debugpy==1.8.20
      - decorator==5.2.1
      - dill==0.4.1
      - entrypoints==0.4
      - exceptiongroup==1.3.1
      - executing==2.2.1
      - filelock==3.25.2
      - fsspec==2026.3.0
      - future==1.0.0
      - ipykernel==6.29.5
      - ipython==8.39.0
      - ipywidgets==8.1.8
      - jedi==0.19.2
      - jinja2==3.1.6
      - joblib==1.5.3
      - jupyter-client==7.4.9
      - jupyter-core==5.9.1
      - jupyterlab-widgets==3.0.16
      - lime==0.2.0.1
      - llvmlite==0.39.1
      - markupsafe==3.0.3
      - matplotlib==3.7.5
      - matplotlib-inline==0.2.1
      - momentchi2==0.1.8
      - mpmath==1.3.0
      - natsort==8.4.0
      - nest-asyncio==1.6.0
      - numba==0.56.4
      - numpy==1.23.5
      - optbinning==0.20.1
      - ortools==9.7.2996
      - osqp==1.1.1
      - pandas==1.5.3
      - parso==0.8.6
      - patsy==1.0.2
      - piml==0.6.0.post2
      - platformdirs==4.9.6
      - progressbar2==4.5.0
      - prompt-toolkit==3.0.52
      - protobuf==7.34.1
      - psutil==7.2.2
      - pure-eval==0.2.3
      - pycparser==3.0
      - pygam==0.8.0
      - pygments==2.20.0
      - python-utils==3.9.1
      - pyzmq==27.1.0
      - ropwr==1.1.0
      - scikit-image==0.24.0
      - scikit-learn==1.3.2
      - scipy==1.10.1
      - scs==3.2.11
      - setuptools==81.0.0
      - shap==0.49.1
      - slicer==0.0.8
      - stack-data==0.6.3
      - statsmodels==0.14.6
      - sympy==1.14.0
      - threadpoolctl==3.6.0
      - torch==2.11.0
      - tornado==6.5.5
      - tqdm==4.67.3
      - traitlets==5.14.3
      - typing-extensions==4.15.0
      - wcwidth==0.6.0
      - widgetsnbextension==4.0.15
      - xgboost==3.2.0
      - xlrd==2.0.2
prefix: C:\Users\princ\anaconda3\envs\ML150
